20 10 15 12 13

S           U
20          | 10 15 12 13       target = 10
0              1 2   3  4       targetIndex = 1
              ---
10  20      | 15 12 13
0   1         2   3  4
             --
10 15 20    | 12 13
0   1  2      3   4

10  12 15  20 |  13             target = 13
0    1  2  3     4              targetIndex = 4

10 12 15 13 20 
0   1  2  3 4
-------------------------------------------------------

S           U
10          | 20 15 12 13       target = 10
0              1 2   3  4       targetIndex = 0

10  12 13  15 |  20             target = 13
0    1  2  3     4              targetIndex = 3